-------------------------------------
|   |   | 2 | 3 |   |   | 4 |   |   |
-------------------------------------
| 1 |   |   |   | 8 | 4 |   |   | 5 |
-------------------------------------
|   |   |   | 6 |   | 9 |   |   |   |
-------------------------------------
|   | 5 | 4 |   |   |   | 7 |   | 6 |
-------------------------------------
|   | 3 |   | 7 | 1 | 2 |   | 8 |   |
-------------------------------------
| 8 |   | 1 |   |   |   | 2 | 9 |   |
-------------------------------------
|   |   |   | 4 |   | 5 |   |   |   |
-------------------------------------
| 6 |   |   | 8 | 2 |   |   |   | 1 |
-------------------------------------
|   |   | 7 |   |   | 3 | 8 |   |   |
-------------------------------------
